DELTA = 0.05
CONDUCTANCE = 0.04
C_M = 1
G_NA_S = 150
G_KDR_S = 9
G_K_S = 5
G_LS = 0.016
G_K_CA = 35
G_CAH = 4.5
G_LD = 0.016
G_H = 0.125
G_NA_A = 240
G_NA_R = 0
G_K_A = 20
G_LA = 0.016
P1 = 0.25
P2 = 0.15
G_INT = 0.13
V_NA = 55
V_K = -75
V_CA = 120
V_H = -43
V_L = 10
V_dend = -60
Calcium_r = 0.0112788
Potassium_s = 0.0049291
Hcurrent_q = 0.0337836
Ca2Plus = 3.7152
I_CaH = 0.5
g_CaL = 0.68
V_soma = -60
Sodium_m = 1.0127807
Sodium_h = 0.3596066
Potassium_n = 0.2369847
Potassium_p = 0.2369847
Potassium_x_s = 0.1
Calcium_k = 0.7423159
Calcium_l = 0.0321349
V_axon = -60
Sodium_m_a = 0.003596066
Sodium_h_a = 0.9
Potassium_x_a = 0.2369847
